0.0243 0.0631 0.0709 0.1037 0.1771 0.2182 0.2418 0.2511 0.3003 0.3215
0.3461 0.3562 0.3924 0.4108 0.4217 0.4702 0.4749 0.5107 0.5101 0.5408
0.5559 0.5821 0.6044 0.6211 0.6407 0.6568 0.6892 0.6998 0.7295 0.7373
0.7629 0.7808 0.8013 0.8237 0.8337 0.8679 0.8762 0.8959 0.9111 0.9364
0.9489 0.9713 0.9924 1.0161 1.0288 1.0437 1.0679 1.0910 1.1107 1.1321
1.1424 1.1641 1.1810 1.1944 1.2193 1.2372 1.2583 1.2691 1.2892 1.3088
1.3267 1.3412 1.3650 1.3757 1.3973 1.4124 1.4291 1.4497 1.4614 1.4829
1.5008 1.5161 1.5378 1.5510 1.5675 1.5821 1.6029 1.6122 1.6334 1.6552
1.6728 1.6851 1.7077 1.7244 1.7412 1.7544 1.7765 1.7901 1.8083 1.8238
1.8395 1.8582 1.8754 1.8910 1.9126 1.9275 1.9469 1.9643 1.9830 2.0015
2.0128 2.0325 2.0477 2.0664 2.0823 2.1015 2.1193 2.1347 2.1531 2.1718
2.1885 2.2084 2.2227 2.2429 2.2580 2.2767 2.2914 2.3129 2.3284 2.3478
2.3601 2.3804 2.3969 2.4128 2.4317 2.4492 2.4659 2.4823 2.5014 2.5180
2.5332 2.5507 2.5668 2.5834 2.6023 2.6188 2.6352 2.6533 2.6708 2.6871
2.7035 2.7208 2.7401 2.7583 2.7725 2.7918 2.8064 2.8268 2.8423 2.8615
2.8781 2.8972 2.9103 2.9314 2.9479 2.9641 2.9833 3.0024 3.0187 3.0353
3.0551 3.0729 3.0918 3.1094 3.1280 3.1461 3.1614 3.1801 3.1974 3.2160
3.2342 3.2503 3.2677 3.2861 3.3049 3.3205 3.3398 3.3575 3.3754 3.3930
3.4120 3.4291 3.4465 3.4660 3.4837 3.5021 3.5188 3.5370 3.5547 3.5728
3.5904 3.6110 3.6244 3.6460 3.6629 3.6801 3.6984 3.7151 3.7352 3.7524
3.7689 3.7871 3.8050 3.8217 3.8401 3.8576 3.8740 3.8932 3.9101 3.9282
3.9461 3.9654 3.9828 4.0010 4.0173 4.0364 4.0531 4.0712 4.0894 4.1088
4.1233 4.1420 4.1614 4.1788 4.1962 4.2149 4.2330 4.2524 4.2711 4.2897
